09_12_2019_00_23_38	10	1	100	60000	19590124	12588	0	0	48.0
09_12_2019_00_23_48	10	1	100	60000	17188833	12267	0	0	48.0
09_12_2019_00_23_58	10	1	200	60000	13529323	4811	0	0	61.0
09_12_2019_00_24_08	10	1	200	60000	12346748	4534	0	0	61.0
09_12_2019_00_24_19	10	1	400	60000	11794327	1662	0	0	101.0
09_12_2019_00_24_29	10	1	400	60000	11913049	1551	0	0	101.0
09_12_2019_00_24_39	10	1	800	60000	10686503	1201	0	0	192.0
09_12_2019_00_24_49	10	1	800	60000	11865569	690	0	0	191.0
09_12_2019_00_24_59	200	1	100	60000	30549805	8233	0	0	69.0
09_12_2019_00_25_09	200	1	100	60000	29520858	7984	0	0	69.0
09_12_2019_00_25_19	200	1	200	60000	19228517	1315	0	0	84.0
09_12_2019_00_25_29	200	1	200	60000	19203624	1299	0	0	84.0
09_12_2019_00_25_39	200	1	400	60000	12255121	803	0	0	101.0
09_12_2019_00_25_49	200	1	400	60000	12352871	1244	0	0	101.0
09_12_2019_00_25_59	200	1	800	60000	10264074	284	0	0	173.0
09_12_2019_00_26_09	200	1	800	60000	10230177	730	0	0	173.0
09_12_2019_00_26_19	10000	1	100	60000	24377606	103073	0	0	64.0
09_12_2019_00_26_29	10000	1	100	60000	24347696	102785	0	0	64.0
09_12_2019_00_26_40	10000	1	200	60000	19649592	2953	0	0	79.0
09_12_2019_00_26_50	10000	1	200	60000	19586711	2978	0	0	79.0
09_12_2019_00_27_02	10000	1	400	60000	11391745	12469	0	0	103.0
09_12_2019_00_27_11	10000	1	400	60000	11376548	12182	0	0	103.0
09_12_2019_00_27_22	10000	1	800	60000	10268088	2644	0	0	175.0
09_12_2019_00_27_32	10000	1	800	60000	10225433	1704	0	0	176.0
09_12_2019_00_27_42	10	5	100	60000	13342818	56053	17	4	49.6
09_12_2019_00_27_53	10	5	100	60000	12903866	58261	16	4	49.8
09_12_2019_00_28_03	10	5	200	60000	11658405	20014	12	4	65.2
09_12_2019_00_28_13	10	5	200	60000	10817656	24287	13	4	66.6
09_12_2019_00_28_24	10	5	400	60000	10775763	19293	4	4	118.8
09_12_2019_00_28_34	10	5	400	60000	10763504	15196	5	4	116.6
09_12_2019_00_28_44	10	5	800	60000	10618571	8821	2	4	221.6
09_12_2019_00_28_54	10	5	800	60000	10591831	7477	3	4	220.8
09_12_2019_00_29_04	200	5	100	60000	27425853	128959	1	4	71.0
09_12_2019_00_29_15	200	5	100	60000	27503417	120695	3	4	71.0
09_12_2019_00_29_25	200	5	200	60000	17552380	46851	0	4	89.0
09_12_2019_00_29_36	200	5	200	60000	17574345	45068	0	4	88.8
09_12_2019_00_29_46	200	5	400	60000	10836150	15998	0	4	106.4
09_12_2019_00_29_56	200	5	400	60000	10836837	15893	0	4	106.6
09_12_2019_00_30_06	200	5	800	60000	10237585	3932	0	4	200.2
09_12_2019_00_30_17	200	5	800	60000	10266396	4810	0	4	200.0
09_12_2019_02_35_40	10000	5	100	60000	23141242	143432	30	4	66.6
09_12_2019_02_38_34	10000	5	100	60000	23400767	169357	36	4	67.0
09_12_2019_02_39_28	10000	5	200	60000	14367631	137168	15	4	78.2
09_12_2019_02_41_11	10000	5	200	60000	13818668	158345	12	4	78.0
09_12_2019_02_41_21	10000	5	400	60000	10427542	140642	1	4	108.2
09_12_2019_02_42_47	10000	5	400	60000	10382108	155284	0	4	110.0
09_12_2019_02_43_34	10000	5	800	60000	10222729	29724	0	4	189.0
09_12_2019_02_44_51	10000	5	800	60000	10229147	24240	3	4	187.4
09_12_2019_02_45_01	10	10	100	60000	13307700	81263	52	9	50.1
09_12_2019_02_47_18	10	10	100	60000	13584297	88957	52	9	50.1
09_12_2019_02_47_55	10	10	200	60000	11580005	54915	42	9	69.9
09_12_2019_02_48_11	10	10	200	60000	11835953	53246	37	9	69.5
09_12_2019_02_48_21	10	10	400	60000	11081036	47395	23	9	124.0
09_12_2019_02_48_53	10	10	400	60000	10611966	41063	22	9	123.2
09_12_2019_02_50_15	10	10	800	60000	10601921	24485	9	9	230.4
09_12_2019_02_55_14	200	10	100	60000	27180713	198946	45	9	71.8
09_12_2019_02_58_09	200	10	100	60000	27145585	203683	51	9	71.9
09_12_2019_03_01_43	200	10	200	60000	17178403	125765	9	9	89.9
09_12_2019_03_05_00	200	10	200	60000	17151618	124711	12	9	90.0
09_12_2019_03_05_21	200	10	400	60000	10653836	56650	3	9	107.8
09_12_2019_03_07_54	200	10	800	60000	10235301	16861	1	9	206.5
09_12_2019_03_14_24	10000	10	100	60000	22927951	176574	80	9	67.3
09_12_2019_03_14_40	10000	10	200	60000	13529743	182495	44	9	78.9
09_12_2019_03_15_01	10000	10	200	60000	13173758	181946	46	9	79.0
09_12_2019_03_15_49	10000	10	400	60000	11847196	155045	13	9	113.0
09_12_2019_03_16_00	10000	10	800	60000	10249279	126034	3	9	202.5
09_12_2019_03_16_16	10000	10	800	60000	10243425	115484	3	9	199.6
